47 21 15 7 29 25 45 9 28 41 37 47
5 29 29 38 50 50 21 20 23 31 33 23
15 23 1 5 1 38 3 30 27 23 40 43
44 3 8 38 27 41 36 33 12 44 15 29
18 7 18 46 29 46 43 31 8 18 35 6
13 7 41 30 6 21 41 37 46 48 4 6
8 2 10 25 33 4 8 19 9 33 42 40
19 17 17 27 33 39 23 23 7 36 43 43
44 20 46 48 18 13 8 46 46 21 20 13
13 9 33 47 32 8 11 9 47 1 50 30
39 2 1 45 7 36 38 45 26 34 20 12
39 50 9 9 16 37 14 5 37 46 4 23
1 37 18 2 12 36 42 2 8 9 41 44
14 20 39 40 36 10 33 23 9 49 8 20
38 15 44 22 7 20 50 24 21 44 9 48
2 25 4 42 24 17 43 39 46 35 46 48
8 27 46 4 33 40 17 14 14 18 45 15
5 6 15 45 36 13 4 7 28 4 37 47
44 15 14 21 34 32 29 15 22 21 21 2
46 47 8 11 29 24 12 8 27 35 7 42
39 13 21 22 3 41 24 39 25 14 41 4
46 3 11 25 31 30 10 47 38 13 24 10
45 34 17 13 33 35 49 9 17 29 25 4
42 4 38 42 10 18 28 5 3 33 41 41
31 29 37 40 46 34 45 42 27 46 14 27
12 6 4 30 42 44 12 29 15 36 5 31
36 15 18 10 34 3 50 14 49 14 26 37
2 33 21 22 26 48 36 13 37 20 6 37
29 15 7 15 8 35 29 50 34 50 13 20
6 48 33 44 24 26 26 6 4 26 8 32
24 3 28 8 8 29 26 46 39 37 50 16
16 48 7 20 24 18 41 24 7 45 29 9
14 46 46 2 43 19 33 7 47 3 39 36
23 2 4 34 6 13 48 4 46 32 42 8
9 19 18 3 33 12 16 34 19 35 15 36
17 32 25 21 21 42 40 35 5 10 31 3
46 45 18 48 30 43 1 11 13 19 42 45
21 25 46 10 9 18 25 13 37 36 16 37
18 48 30 20 5 32 21 8 19 21 8 4
15 29 37 15 39 25 34 44 42 25 19 20
14 15 34 1 25 17 49 9 41 14 13 6
7 39 6 9 20 18 18 46 12 37 39 4
13 48 23 27 28 2 39 22 27 5 45 43
12 5 23 24 45 22 34 34 4 6 24 35
7 1 37 2 31 12 26 7 40 18 50 13
24 37 24 9 23 19 45 38 32 5 48 22
1 15 32 46 49 19 36 21 5 19 48 41
7 48 32 12 43 43 26 42 32 43 18 4
6 38 1 20 24 35 40 7 23 38 12 21
18 31 28 37 41 38 38 25 3 5 42 19
